5 5 5 0 0 0 -5.20971 -2.5 18.1011 1
5 5 5 0 0 0 2.67022 -2.5 18.6553 1
5 5 5 0 0 0 -1.58252 -2.5 15.8223 1
5 5 5 0 0 0 -8.39283 -2.5 15.0146 1
5 5 5 0 0 0 -6.74944 2.5 14.2417 3
5 5 5 0 0 0 -12.814 -2.5 13.985 1
5 5 5 0 0 0 -3.48414 -2.5 13.2917 1
5 5 5 0 0 0 4.39762 -2.5 13.2981 1
5 5 5 0 0 0 0.412919 -2.5 12.907 1
5 5 5 0 0 0 8.25562 -2.5 11.6193 1
5 5 5 0 0 0 -11.8901 -2.5 9.84286 1
5 5 5 0 0 0 2.16101 -2.5 10.5321 1
5 5 5 0 0 0 -10.4283 -2.5 9.44092 1
5 5 5 0 0 0 -8.03651 -2.5 9.02061 1
4.80002 5.3 5 -4 -16 0 8.50841 2.65 8.50173 3
5 5 5 0 0 0 -2.88461 -2.5 6.0133 1
5 5 5 0 0 0 -12.8625 -2.5 5.44908 1
5 5 5 0 0 0 6.58895 -2.5 6.50162 1
5 5 5 0 0 0 -1.17907 -2.5 4.03408 1
5 5 5 0 0 0 -6.0987 -2.5 3.50213 1
5 5 5 0 0 0 3.66859 -2.5 3.82846 1
5 5 5 0 0 0 10.3571 -2.5 4.14444 1
5 5 5 0 0 0 -10.9731 -2.5 2.16194 1
5 5 5 0 0 0 3.17966 -2.5 0.767502 1
5 5 5 0 0 0 -3.99577 -2.5 -0.362648 1
5 5 5 0 0 0 -9.91145 -2.5 -0.831001 1
5 5 5 0 0 0 7.72622 -2.5 -0.534416 1
5 5 5 0 0 0 -3.09441 2.5 -2.55614 2
5 5 5 0 0 0 -2.97009 -2.49999 -4.65772 1
5 5 5 0 0 0 -6.78379 -2.5 -4.97961 1
5 5 5 0 0 0 2.52996 -2.5 -4.84102 1
5 5 5 0 0 0 -0.159815 -2.49999 -6.88486 1
5 5 5 0 0 0 6.53885 -2.5 -7.23831 1
